2.801461025634884860e-01 4.146593720573849007e-02
8.894611532036784673e-01 -2.402790627142061819e-01
1.000786263366855611e+00 1.454474446683526656e+00
1.109837646368230235e+00 -8.767023051246853882e-01
-2.811856911817423033e-01 2.194140239950445714e+00
-5.000538031674915951e-01 -1.719432970626051660e-01
-1.766076760466815110e-01 -2.627956365006240969e-01
-6.588728813926905126e-01 -8.257219250183961412e-01
8.754263468627729861e-01 -4.839972988932365605e-01
7.741068497784155955e-01 -1.138940574624106444e-01
9.857066823785121112e-01 -2.045000479608136690e-01
-1.868132127104476237e-01 8.211348162195617473e-01
-2.131931512151947344e-02 -9.661575914678798283e-01
-4.062496803959748659e-01 2.542266161070126373e-01
4.105949281470564968e-03 6.190758241364493486e-01
-1.298078818005209190e+00 -5.744090037607971766e-01
-7.747851389418115575e-01 -7.167513173489079015e-02
-4.442328847430409011e-01 -6.668603551989507050e-01
-2.446966932309101450e-01 -3.754976181381436406e-01
1.080172455625446837e+00 -1.463840170778306360e-01
3.663252039441736718e-01 5.679712728400284488e-02
-4.091112334303893538e-01 8.373175190691217740e-01
-8.267543275194153551e-01 8.748152184212782956e-01
2.885286990637866977e-01 3.920478823940795055e-01
4.472796241051392174e-01 -1.154949520442384997e-01
-5.070048071595959494e-01 9.584090020626545581e-01
1.561137915572289536e+00 8.185881065090461206e-01
9.824302174804961929e-01 4.609396032163362023e-01
-1.588859813310700364e+00 5.638633390676084378e-02
6.123126733655197551e-01 2.936813426439944252e-01
-9.179803323303130647e-01 1.501411097703601705e+00
-7.286436632437067740e-01 8.685078867574400618e-01
8.507086231705861534e-01 6.415290293140274436e-01
8.874184718140382122e-01 2.504956315276161694e-01
8.308323807285399321e-01 -2.557479124524676406e-01
1.806993008561598169e-01 7.658433098066236289e-01
2.169696501870320426e-01 1.931373402911829018e+00
2.353526363306555902e-01 -1.376245819279636184e-01
8.585992595119555926e-01 8.718614467272738366e-01
-6.174627371810046395e-01 -3.804945649485798054e-01
5.120298813531105608e-01 -9.313316050193298778e-01
-4.001283201180976801e-01 -1.099998602427441075e-01
1.320354422464485422e+00 1.353911403302150651e+00
-3.627693595644119751e-01 5.101851448097222130e-01
-6.860884249472518626e-01 -4.661373733480265180e-01
3.335519313558301113e-01 -3.282658540095644284e-01
-6.544758052107692015e-01 -2.974159722525130944e-01
-3.022291455932512028e-01 1.067990675140337853e+00
1.536743916881113226e+00 -1.338608577785723952e+00
2.952555482372906104e-01 -1.295850696739532015e+00
-2.755918602104181492e-01 -1.284849152897977742e-01
-1.563834213627651182e-01 -5.618810118406498688e-01
-1.745264537357472945e-01 5.985187712386357273e-01
-2.415085798731606559e-01 1.754090654050019793e-01
-6.585159467093693042e-01 4.573879032614675544e-01
1.132550690069119792e+00 -8.041120943795099230e-02
4.125512106750717223e-01 -3.081427029132206563e-01
-6.975385326815013165e-02 -1.102686010790164595e+00
1.677123460016952228e+00 7.557698176860003780e-01
5.038481308610542886e-02 -6.701050676821012075e-01
1.308126112183064516e-01 -7.639560231476927310e-01
-4.025174961708075788e-02 -4.381013445813634055e-01
-1.333460967776084027e+00 -6.553045830214806466e-01
-4.090127456668872785e-01 -9.793709512592660427e-02
-3.045677924621319477e-01 4.606708358059329322e-01
7.143408346486804783e-01 3.861214245355687469e-01
7.647031623849098736e-01 9.820620680962754978e-01
-3.819112431639709038e-01 -5.489906229331333876e-01
-1.106052444669245904e+00 -4.055058465614173047e-01
1.936397457451556114e+00 2.058079389098614043e-01
1.035405920001315261e+00 -4.019575715038427033e-01
-3.628365640742040044e-02 1.036630186298816536e+00
-1.509266835467447443e+00 -3.624296313097903344e-01
1.227362830397456417e+00 9.057317505504060284e-02
1.958749897347102920e-01 1.126205639829585436e+00
6.796716342191582161e-01 8.377389816661147126e-01
-2.800515339168352380e-02 -5.872702110708687417e-01
4.640531127954403701e-01 -8.345496075217504472e-01
5.909110125523017176e-01 -5.687124401816937569e-01
-1.953832516881856274e-01 -5.512931348234177964e-01
3.508286713715763616e-01 -2.559827668704840464e-01
-8.052478726296836697e-01 8.062044525024421038e-01
7.738110506757268636e-01 8.200925782075628445e-02
1.718174092341213099e-01 5.391490621042664966e-01
-3.781790365692558886e-01 -1.078803825305943320e+00
-3.094291222120034712e-01 4.376415906333689376e-01
-3.277439791508963141e-01 -3.109583650523645715e-01
-6.294376478448340251e-01 -1.239024027810259776e+00
4.708024808050516145e-03 2.250791436644921650e-01
2.996955107087038606e+00 1.201327866280031076e+00
9.107984197786234137e-01 -8.147113343500782534e-01
-7.895071593609408467e-01 7.470988867023570235e-02
-4.135584680782348754e-01 8.550970333859633232e-01
5.836714001077083491e-01 -1.004337127933022433e+00
4.711620524547279754e-01 -9.165376303403910407e-01
-2.002718403909362066e-01 -5.234060994099773989e-01
7.250510280480302328e-01 -9.132203891422183695e-01
-1.281575820435514101e+00 -7.855983742969769867e-01
7.458083599843721156e-01 1.058333696824780956e+00
-6.554151177881297752e-01 -6.258088501470453480e-01
6.986479952944600669e+00 -2.424186691231694502e-01
3.944500007134940311e+00 -3.379309187938566716e-01
2.719125204921435834e+00 -1.480026530315843858e-01
4.175697398923132297e+00 1.723366910345442427e-01
3.554514089184627856e+00 -1.151240389740667558e+00
4.430279608293215432e+00 9.046336680148432396e-01
4.894563788585811537e+00 7.924796748345624975e-01
6.677231041304077408e+00 1.457827016925970165e+00
4.793199401281567518e+00 -1.064145451732351644e+00
6.138447494868670695e+00 -1.186683995003612990e+00
4.659377185769445262e+00 -1.416527689103740606e+00
4.539923086011644848e+00 -2.678766551292648401e-01
4.009397074122440507e+00 3.022629369345160993e-02
4.320529142071674045e+00 -8.085643390430677369e-02
4.635994388839516311e+00 -1.284667573387802131e+00
6.095033418794850277e+00 8.312905588021161085e-01
4.208635836983347644e+00 -5.276110608268050894e-01
4.750948617594741741e+00 -9.209866924041074654e-01
4.314130682397235184e+00 -5.580174276467236849e-02
5.590822190894001231e+00 -8.291885286582424408e-01
5.476596525975558016e+00 1.132888431487272252e+00
4.288276337425432239e+00 3.142191063807842077e-01
5.453841538443377601e+00 -6.489663064335831066e-01
3.582928698304790771e+00 -1.309183301657797172e+00
5.445765526210344376e+00 -6.478455818069304151e-01
4.617613659275196625e+00 5.963038078043759321e-02
4.587167515442104104e+00 1.807609409503304621e-01
4.100415253535524940e+00 -4.813923905004161563e-01
4.213501554605703525e+00 4.433408256155108029e-01
7.889944440287504968e+00 -7.054629382176312857e-01
2.747682546132116155e+00 -2.603620473343022934e-01
5.147912494586062593e+00 1.346853347335606799e+00
4.702312088034457105e+00 2.736093947185914033e+00
3.873075291213057270e+00 6.290202368197383986e-01
3.958067235523109684e+00 -1.104111344287285634e+00
5.269300816493005968e+00 -5.710790715739517687e-01
4.378573138360714267e+00 6.431904354122308654e-01
3.650810341724470831e+00 -2.732987023306824442e-02
3.466715564861615917e+00 1.797298597811003151e-01
4.907652909966680355e+00 -2.018340930867042748e-01
3.397858543388353247e+00 1.736168788960167575e+00
5.189092563814955206e+00 1.592099388227651013e-01
6.201276548909103070e+00 2.742447655244852345e-01
4.435063047776189649e+00 -9.308209301408771896e-01
6.802739844391855861e+00 -6.344773726612129572e-01
4.437224378354031273e+00 2.483893254785265181e-01
4.619660053337015349e+00 -3.748273197277832147e-01
5.220993893199302960e+00 -1.686661629110161931e+00
3.772204681160169493e+00 1.115088185943537313e+00
3.596773940265947545e+00 -9.610527060394447041e-01
5.454659153063395216e+00 1.826112999590506769e+00
4.861456018163332615e+00 2.426718950689756293e-01
4.793911213424797424e+00 -1.499703429429524393e+00
5.831687107213379129e+00 -2.513978894120086349e-01
4.978168913226378223e+00 1.471945237543559049e-01
5.133932877510309467e+00 -8.797381951876219741e-01
6.980392391813563080e+00 -3.564432630991003492e-01
3.754147817841769985e+00 -1.312735896164553884e+00
5.403563252538459594e+00 -1.416754575756835055e-01
6.470525142710777722e+00 1.332099621550904833e-01
5.923991231892884457e+00 -1.680593775214812791e+00
4.546355838337387212e+00 9.783230782930267544e-02
5.248767696260994597e+00 1.511266578904769231e+00
5.693090145555293802e+00 4.799372446927172020e-01
5.432675509094511135e+00 -7.188028959483654112e-02
5.614399731193390863e+00 1.554724260842221373e+00
4.631555023295923945e+00 1.320992924858187756e+00
7.996561123513200364e+00 9.489968738863834297e-01
3.888674490927568783e+00 2.419563342303715725e+00
5.057586888824054938e+00 1.550228903184261320e+00
5.467106401888328193e+00 1.278358301832941635e+00
6.078342181951462031e+00 -4.116717985093067828e-02
5.100103100754734164e+00 -8.722078262570763171e-03
5.640938898339132201e+00 -1.119791259993013349e-01
4.482337094388171295e+00 1.802317737878801562e+00
4.328754248782967551e+00 -1.162645033144276363e+00
3.520643760353789009e+00 1.828401960352878941e+00
5.120785243855186408e+00 -2.641857160046744979e-01
5.428993393675644263e+00 -8.958580126827921097e-02
2.898711430484569362e+00 2.379141886602254841e-01
5.003401480359594089e+00 -1.225060228678054586e-01
4.213352085906530320e+00 -1.010535624089347051e+00
5.793654841352108953e+00 9.370113512110326282e-01
4.254114102680465415e+00 -5.316662170943866617e-01
5.772188565099812152e+00 8.783572102605673448e-01
5.572799456361400949e+00 -1.150953717755828221e+00
5.183718067969119048e+00 2.142486129273348805e+00
3.253234406324941652e+00 5.841671039551913358e-01
4.881304148944855648e+00 -6.247721026489954088e-01
3.552344978714116586e+00 -1.840185423569200562e+00
6.720307495022660227e+00 1.260886408689636529e+00
6.316824967991633955e+00 -4.002511020688572785e-01
4.640540882196047434e+00 5.115190257450595857e-01
3.968292528001224007e+00 4.303370478670466293e-01
5.722864380169965237e+00 -1.058462756805145899e+00
4.677668951072919690e+00 -8.291373303848943721e-02
4.186461010228448743e+00 3.180786435408471391e-01
4.724665353840319604e+00 -4.189063672058843286e-03
6.271493502292271316e+00 1.506249204004756592e+00
5.801401654099871408e+00 9.596542154036111771e-01
-1.485582753187165927e+00 7.821442622770051756e+00
-2.175007250505288425e+00 6.559173442414331312e+00
1.644524902763880581e-01 6.364690039157060220e+00
2.183079632770880352e+00 6.301598120682869286e+00
1.432640755829267531e+00 5.917964356758355748e+00
8.540134169582214163e-01 7.183201800280152760e+00
-1.943292116037520278e+00 4.866533883529797322e+00
-6.467999415549987585e-01 5.160186849403280540e+00
1.254023596337505708e+00 5.079860695030449236e+00
-1.092907582574884906e-01 6.152792697492483143e+00
5.977088175219970045e-01 4.490355084437020139e+00
-1.859058001536268712e-01 4.341281869606606669e+00
2.165322611592292112e+00 5.300783349118607823e+00
1.883197569055558573e-01 6.279314675199477946e+00
6.203348158760301212e-01 6.528528611541886129e+00
-6.793190407750768767e-01 3.198229820092284736e+00
-9.476013796070785755e-01 6.936982779947506117e+00
-5.685851050991198585e-01 7.311994620802600764e+00
5.555965478921215395e-01 4.523889094442447245e+00
3.867257309722857417e-01 5.986942408082498446e+00
-6.119758729376780781e-01 7.738005797097827099e+00
-1.404020768705403155e+00 4.421019970374914010e+00
1.565153640154185899e+00 8.004199028560982754e+00
1.940739339450961332e+00 6.991543934265520122e+00
-4.601377584340183846e-01 4.406742828736705420e+00
-3.438383524362214061e+00 7.024523614482366618e+00
-8.402493191658233496e-01 5.302384922083147600e+00
2.259659723482699611e+00 3.715527678291401514e+00
-2.035909282520087515e-01 4.076843227107528556e+00
8.506536792259228319e-01 4.459138561849402826e+00
6.249786451237486773e-01 7.993177477810301745e+00
1.267480092413738046e-01 4.917895857141962423e+00
-1.378115141249480757e-01 3.946916958857614954e+00
-1.072876811310263523e-01 2.403934583219577092e+00
-1.186207466385089448e+00 3.690246021063655846e+00
-5.245978982377310640e-01 3.737445532237016366e+00
3.152888075554502456e-01 3.923257761794974208e+00
2.670783067760984952e+00 7.118917577890456094e+00
1.051721361894281337e+00 4.661024509144952255e+00
-3.914090308000025553e-01 7.101326563421726412e+00
-2.391311600963374140e+00 5.824880082846201290e+00
-3.165754253797198325e-01 6.604904879463266987e+00
-2.440300639662129178e+00 6.670304055538013088e+00
2.864860512039330676e+00 1.505320526455137475e+00
-2.345885695039854113e+00 3.600983070873004621e+00
1.339928612393552321e+00 2.760742190208417490e+00
-4.599104151194003398e-01 6.153189553123522337e+00
2.464658463442342962e-02 4.981657101104670637e+00
-4.013714863425242585e-02 3.999795515158993009e+00
-1.057518261743185084e+00 5.386430104967054433e+00
2.574185669414473132e+00 5.729224469332145020e+00
-3.304296918147723860e-01 3.314975742838184747e+00
4.220224294759886696e+00 8.216556380527865855e+00
2.074991705515123463e+00 5.061797461194246672e+00
2.594719794267383861e-01 3.377252873576601200e+00
-2.371835709034967987e+00 5.968225307408150826e+00
-2.729055099571912280e+00 3.197706960323249525e+00
3.923521879699793935e-01 2.364588020336280572e+00
-2.546924837640008876e-01 5.712442129696136739e+00
1.762561054296266416e+00 4.529802212739610923e+00
-1.546678303801081400e+00 -1.839723450497006141e-01
-2.629422427499685799e-01 4.492833060359634700e+00
-1.537172631821442703e+00 2.590343045939628830e+00
-8.928760065220828768e-01 7.516612648461042490e+00
-1.297337046989690545e+00 3.647811556283460099e+00
-1.646803333097481836e+00 5.454989619967525627e+00
-4.321170668079808985e-01 4.873986398890671090e+00
-7.835329872267813300e-01 8.271501662161593771e+00
1.208589455461284379e+00 5.269916424136815714e+00
3.970184771890525433e+00 5.091751483374192588e+00
-1.199187704611163641e+00 6.098839257690448434e+00
-5.125561133298071059e-01 5.005727029480248724e+00
-1.883760579811207148e+00 3.655278814478778671e+00
1.876817734738510879e+00 5.201097021714907065e+00
-6.483765963002552368e-01 3.393964554822499480e+00
-3.312038091140471208e-01 4.778751557035143982e+00
-4.471813231009827971e-01 2.974048293265699527e+00
-1.522128620349598727e+00 8.496583359444457528e+00
-7.498979225689073047e-01 4.681314885472400711e+00
-7.667256928237247138e-01 5.109087935229832844e+00
-3.383628275389140017e-01 7.129697413917120308e+00
8.012132832689011774e-01 4.569145800824305326e+00
-1.571861373116100261e-02 6.683210915595192425e+00
-4.307457644387719525e-02 5.576593124503659737e+00
1.617967706941950023e+00 4.681973878841596104e+00
4.051519473566081997e-01 4.827800510709514548e+00
1.638096543179563547e+00 5.365346879322011375e+00
4.318861301990128965e+00 5.418234201907930370e+00
-1.714802078358496962e+00 4.186563113820149340e+00
2.925741715668087828e+00 3.919663490426711139e+00
-1.355921232565101775e+00 4.910795290914134803e+00
1.269534260527803493e+00 4.835176626308176573e+00
2.306986585210315799e-01 3.752059899056385373e+00
3.282246373225279346e+00 8.145123935477275978e+00
-1.822725837715073460e-01 3.903545809209778561e+00
3.847523131888016312e+00 5.423523139972755480e+00
-2.529241208635945454e-02 4.096821520853786147e+00
-2.897319748774294101e-01 4.037600472862767020e+00
-1.451706114361311917e+00 7.997416393292647641e+00
9.489332610107006349e-01 3.254248745183036640e+00
