-6.408041473555980971e-01 -5.723186502007835408e-01
-3.177219323597087475e-01 -7.122090632834823243e-01
-3.385578727432826396e-01 9.620902545395271233e-01
-7.260297750315267695e-01 -1.396713471713835641e+00
2.285416048902957908e-01 -6.277431346781449373e-02
-3.878808370611541712e-01 7.146056889859534467e-01
-4.963341353858031768e-01 -2.262725429199375360e-01
2.161313589296431359e-01 -2.196571405352865103e-01
-8.684619551749402089e-02 -6.118942192229204213e-01
1.190223688586738549e+00 1.503387319592821347e+00
-2.928474425299609774e-01 -2.798150425280272469e-01
1.013011738613936785e+00 8.209097861168821453e-01
1.008338893949728643e+00 6.809791792981340075e-01
9.094322012865321270e-01 1.692364378417013704e+00
8.206133756406386315e-01 6.339135759330729591e-01
8.610980147295193010e-01 -6.750129499754211615e-01
1.123779588270359842e+00 -8.939309773963797015e-03
8.853960114730201336e-02 3.390964444155341040e-01
3.201392406518741574e-01 1.985978030960283691e-01
-8.670765876245098425e-02 -4.964692915360982006e-01
4.553731632010700192e-01 5.919155646587814790e-01
5.121197755915014582e-01 2.984434590884296190e-01
9.964915972624677210e-01 -6.624587420076770705e-01
-1.227936137764220170e+00 -7.617662263918394405e-01
7.155168076569021762e-01 -3.003397605897275002e-01
-1.428892071271190334e+00 -6.448987046098220155e-01
1.414317947047397661e+00 2.248193268501294251e-01
5.174290402737349304e-01 1.215342786207385783e+00
-6.360666639252124943e-01 1.456627101000614911e-02
1.525669504670348897e-01 -7.822504137775108113e-01
3.626908097818493104e-01 -4.702251479725595429e-01
4.507170194634831928e-01 1.462136238475875816e+00
-5.445787081571757948e-01 -7.456356438939066855e-01
-9.063601676219872338e-01 1.194499797895654858e+00
-1.026504759475637574e+00 -1.001105729493385166e+00
1.247210438685572714e-01 -9.955902190823731068e-01
-3.800032588640454012e-01 5.252528743973879921e-01
1.633741730385646074e-01 -3.038771044979770020e-01
2.569753285315885538e-01 -1.184898692489647409e+00
7.492497684077627229e-02 2.180707723133218923e-01
-2.492918938437772569e-01 -7.836292684038193013e-01
1.520355829841733564e-01 -1.183595312088840501e+00
-4.715885041323120141e-01 1.064409344730929963e+00
-5.339632044493822782e-01 3.087583066711279134e-01
1.166391408047619871e+00 -1.001541713100876141e+00
-8.370283093205581615e-01 2.734715336673719799e-01
-1.041410263146149484e+00 -6.916346021944335121e-01
1.151913186125315569e+00 -1.345439411576001554e+00
-1.401988337358314185e-01 -2.131821797988703304e-01
-6.022117190039364409e-01 6.512450532073704723e-02
-6.630514422174943467e-02 2.373535283745858426e-01
2.121416398482486587e-01 8.161571162335524710e-01
-2.366258975840639933e-01 -9.749041003962223562e-02
7.984749813158465992e-01 -5.537529860863409092e-02
-7.064557056819717462e-02 -6.758681695342549922e-01
-1.148715695846798668e-01 7.873358218829461519e-01
-6.539440935375667729e-01 9.462216214285521509e-01
-1.658411929296333409e-01 1.994977994785594455e-01
3.649284083394973566e-01 -1.869857705618931165e+00
-3.580848459797971173e-01 -9.069448574667984264e-01
4.208105304825214832e-01 1.673078518287541172e+00
-2.362495228506946154e-01 -5.247729832229037772e-01
-5.660064368577710781e-01 1.165157452338811517e+00
5.614252766509946202e-01 6.534720815174480668e-01
1.736865826562995485e-01 -2.408108957900636712e-02
1.404941222670985868e+00 1.136445253299502189e+00
6.897436877584603998e-01 -4.232731918759755629e-01
7.919036130484360392e-01 -3.943164234936453738e-01
-6.963282246314409507e-01 -1.093422940457716486e+00
-1.161134031651647192e+00 1.651282427891438975e-01
-8.266978891366278948e-01 -2.518010988540546613e-01
-1.707151322690721340e+00 -3.096468347110686858e-01
1.060375927978268962e+00 1.441648627465661192e-01
8.213682443917863507e-02 -9.784509713902025396e-01
1.230355155451348381e-01 9.569860152140205467e-02
-3.651616635588893489e-01 -7.995990611659996583e-01
1.108364377200654616e+00 9.580394135842234052e-03
-1.576700667577362047e+00 -2.463861091495957167e-02
7.356255777471362167e-01 -9.586700818306976846e-01
1.009834357959656037e+00 -1.214431032994655713e+00
-7.849850872983159256e-02 7.702481529893759893e-01
1.499933052526013499e+00 4.821031556147688524e-01
8.804276665823820291e-01 1.001138203453138864e+00
-1.053028557387536146e-01 -4.212226735612092932e-01
6.827234341102830784e-02 -2.020309391674582344e-01
3.889226762403236171e-01 -4.511942535371203933e-01
6.184950991710014279e-01 1.454373099235881650e-01
3.832047158231330908e-01 -1.505169070656390495e+00
9.321813385258795881e-01 -5.395871805683519207e-02
-8.618089766682266450e-01 1.288922775603257742e+00
-6.101550654274520147e-01 8.313212174852315783e-01
3.314170897496203638e-01 6.249662902547835630e-01
7.037239179844015924e-01 -6.212510102397221790e-01
-5.698442718688858655e-01 2.505652833510200184e-01
-4.933715321791944941e-01 3.256397378765181760e-01
-6.510500378588560677e-01 1.001016285550178742e+00
-6.213214853680824046e-01 -8.823205715711215369e-01
-1.712454216712821775e-01 9.027451350320468693e-02
-1.046681459912000678e+00 -1.742585909482057271e-01
-1.276744245030570823e+00 -2.648917435794514441e-01
5.655735418994624730e+00 1.419878863514432432e-01
4.424770632636267464e+00 2.360078962981766004e+00
3.435045082451789966e+00 -8.916415980586110956e-01
5.024149569546542793e+00 -1.899559681792065968e-01
4.095522917387169670e+00 -9.832045159520002020e-01
5.118657402747903262e+00 3.852901941503491523e-01
4.407195385291583278e+00 -1.450495541385343312e+00
3.514127833888601060e+00 -7.808943166241970602e-01
6.470632962453056081e+00 7.325079972450582178e-01
4.853157531970778038e+00 1.434874637086337668e+00
4.274736857480418095e+00 7.096888318798479922e-01
4.983093482609332270e+00 1.044551623490827641e+00
4.187023049835542743e+00 -4.486611946094916092e-01
4.306585721031397362e+00 -9.092268120146880239e-01
6.657004376122815259e+00 -5.438915584175648688e-01
5.581631908429643296e+00 1.398314966074518217e+00
4.452662174458279054e+00 2.395050431230338062e-01
5.229270441200950970e+00 -1.434935492817613137e-03
4.149121144812591311e+00 -8.960565191038692978e-01
6.200551925926562014e+00 -3.431747944967256658e-01
5.366374824165280444e+00 -2.369601355947497379e-01
5.963849058244840684e+00 -1.875117972383493870e+00
3.931031722188297550e+00 -9.686892764382120102e-01
6.136434216235612915e+00 -1.061608969825216936e-01
4.043260337624431600e+00 -1.274392366593165571e+00
4.805384707287966961e+00 8.959321705503039412e-01
6.151251912786754872e+00 -3.837202157352349180e-02
4.579328372500341970e+00 5.024141543378605190e-01
5.209794714501210677e+00 -4.589703219336787043e-01
5.175033710906149054e+00 -2.063087672818599838e+00
5.599127495476644789e+00 -4.630019230762642546e-01
6.016410363179538479e+00 3.899413450939400588e-02
5.036657127250163235e+00 -1.416057491761148368e+00
4.155270881896250046e+00 -1.758033970092516829e-01
4.256957192570199666e+00 -1.927005037774302432e+00
6.088612735695940970e+00 -3.088006791536713203e-01
3.872310653070839770e+00 1.378765044874454559e-01
6.522735161773104196e+00 5.071243795033382185e-01
5.586169195343981819e+00 5.340142579025016767e-01
3.487708128792090800e+00 -1.059120757961297787e+00
5.719122610162529874e+00 1.898622445879795118e+00
5.622135970450760745e+00 1.981488250322128997e-02
5.239538735438908468e+00 -8.515001867839746552e-01
4.835772318728976060e+00 -4.523634232700378122e-01
4.512450005116203755e+00 -2.314295916868838732e-01
3.988295060456095165e+00 3.880234470825401627e-01
5.507930242556188460e+00 -6.253651997452246425e-01
6.551369620957479434e+00 -8.001331742703395866e-01
3.842652903679137477e+00 2.257224968696487810e+00
4.434594332270359374e+00 -2.060718529188338421e-01
4.203611063286999183e+00 7.273502510387411801e-01
4.537394979799880268e+00 -1.265172341743581619e+00
5.607524443133717007e+00 2.754213312053804263e-01
5.078449257098088587e+00 2.458212945155222040e-01
4.219330772029390886e+00 -8.498713331988484720e-02
3.373171078436539183e+00 8.464309674844407994e-01
5.242850159682653555e+00 6.347233875875817333e-01
5.920553857809698783e+00 1.932491362093448350e-01
4.137565231321143067e+00 -8.095905419810789372e-01
5.638932284011509921e+00 7.905226729437282718e-03
3.620778872164971407e+00 -4.407213144940819866e-03
6.141765209601397046e+00 -7.906663400198774005e-02
6.045189738432201310e+00 1.919981116950344679e+00
5.036794061125054789e+00 -1.574124246326911170e+00
5.895007787029158841e+00 -9.184705370639117961e-01
7.257885282319366915e+00 4.483069491503796078e-01
6.755778654269247951e+00 2.031207630708648626e+00
6.211302587180766110e+00 -8.490377245895868175e-01
4.896717379240343782e+00 5.667728037292446563e-01
4.603993676367781340e+00 -4.705621452773195990e-01
4.457386531321426482e+00 7.558604689680629152e-01
5.653479423842571627e+00 2.765273011141983206e-01
6.102354383478779454e+00 -5.258995357573811313e-01
3.277754077841977143e+00 -5.707922635697167957e-01
4.714972587290576556e+00 -1.795453936734775713e+00
5.385038058417413787e+00 -2.970029739411816361e-01
2.786261295944397087e+00 1.029642775285009249e+00
4.934047963143933124e+00 1.373729659697241923e+00
4.048256473654202381e+00 1.036678802899005047e+00
7.803376673530841856e+00 -1.625169505717790175e+00
5.190420365704110139e+00 8.834736505326691303e-01
5.262515643410594635e+00 2.374494376640856164e+00
3.039449538897549097e+00 -7.098852834567195291e-01
4.296423697923515306e+00 -2.356380625396959638e-01
4.754861370956680489e+00 -4.399197197873461196e-01
4.829461148029906781e+00 -9.771859436619956263e-01
4.399876084214512595e+00 2.987798478209390818e-01
4.825968616553938162e+00 -7.609415788055912122e-01
4.867065267456601063e+00 -2.090382672522858309e-01
3.926770809328356204e+00 6.902156379494076566e-01
5.199827547570948560e+00 -5.362119479396088018e-01
3.805741214160208052e+00 4.340464332347687137e-01
4.682977924437791373e+00 8.906735498172647647e-01
7.171129584902691256e+00 1.019927827175377777e+00
3.618160124177295156e+00 -1.044114637352312913e+00
5.706612347147967057e+00 -1.100597512562615510e+00
5.215266336448981299e+00 2.493278156845246951e-01
5.678991223339176386e+00 -5.082930516435599788e-01
3.624429848323825976e+00 1.489448135109004312e+00
5.946466410322903684e+00 7.565666615926847083e-01
1.357834253513078071e+00 6.349929930309006210e+00
-1.859160415725991777e+00 4.438568620160327605e+00
1.047616790002660059e+00 3.481047158586690671e+00
-1.244814906625478779e+00 3.466094338614492454e+00
6.667913663553753922e-01 5.519500893772931960e+00
1.410043291064762006e+00 7.169190653149559722e+00
1.798191340665200144e+00 6.104015807130878102e+00
1.552752736547155232e-01 3.152004608027161758e+00
2.011003023116130439e+00 5.037342520073042174e+00
2.684015667140933203e+00 3.619947687316598106e+00
2.772287233168803766e+00 5.790166301554860340e+00
-6.276815964966147021e-01 6.310601950779343383e+00
-5.359721165038444646e-02 4.730183134231566555e+00
-3.973529225434513368e-01 2.879455122615831364e+00
1.791886791284634572e+00 4.156243965469524682e+00
2.597070650834204519e-01 6.142073241779116621e+00
-5.669333478078788513e-01 5.250143671665943756e+00
1.613085256255043232e-01 3.657019477606851421e+00
7.588050767939942265e-01 3.975848035397514302e+00
7.145818925000526622e-01 6.479969285705966087e+00
-2.163188264572113884e+00 2.680692582162421012e+00
9.829382659671672684e-01 2.780408365877376831e+00
9.504926367495829254e-02 4.999415796373192222e+00
-8.398004478161416597e-02 5.010954156421218109e+00
2.563272653364666809e+00 5.219708124327659071e+00
6.456794622422812324e-01 2.639624990647580383e+00
3.884919913162457883e-01 6.165732837505601083e+00
6.552992065093925511e-01 3.602269685136235466e+00
-8.504373277709653678e-01 3.960381778447890522e+00
-2.754372488541565467e+00 4.452341994974171158e+00
2.665364113424983472e+00 7.904118326444639742e+00
-1.256084860775125378e+00 5.181625234303636418e+00
1.802068398309595532e+00 7.174867850681335923e+00
1.160239762636074090e+00 6.788875630402632311e+00
2.546541426897630078e+00 6.625402999281167382e+00
1.611882994417850323e+00 5.661006609674691603e+00
2.197996536829606384e+00 3.565212547413993072e+00
1.940567378894232586e+00 6.393224569084885900e+00
-9.187921137383894266e-01 3.339424334214037504e+00
-1.091949842418131311e+00 6.547223757892608020e+00
2.417605963717390227e-01 5.486625821098044753e+00
-2.381991543548592105e+00 5.081036339717089234e+00
-1.281938383774756884e+00 3.232049505936029021e+00
-3.401949669525205500e-01 5.919751190685899722e+00
-1.643876560825825894e+00 7.350518974422676877e+00
7.223638234256719581e-01 5.009497085587033105e+00
-5.252282075389880234e-01 7.713356004690105294e+00
-2.332740035424467340e-01 3.652637595658695613e+00
-2.563411256001655314e-01 5.149476475532330788e+00
-5.423681608026853507e-01 6.893958338565525423e+00
6.429836824271824014e-01 8.657687623087090500e+00
5.482777835517396170e-01 4.050416973988038016e+00
-4.168311335196693834e-01 1.959776459788121095e+00
5.518508896129624697e-01 4.715495668042012589e+00
1.291821646180984162e+00 4.315427716452219897e+00
-1.391005857243526656e+00 5.013936687450413210e+00
-4.445366711500757240e-01 4.459847124030055454e+00
-2.198379237229760100e-02 6.100727014586794894e+00
1.998559584655831278e-01 1.637958587667646349e+00
1.442301700561739342e+00 7.054476091540110794e+00
-1.549555987985409278e+00 3.277992028178077000e+00
1.544199013339853988e+00 3.296632289677984051e+00
-4.996924929211898347e-01 2.107046699030079129e+00
-1.077794601666330454e+00 5.399574362871305766e+00
-5.683325176585686256e-01 5.442815367979907393e+00
3.505214556648636459e-01 3.225353478503488969e+00
2.478639259150230978e-01 6.418750861648444328e+00
2.081047912096281038e+00 5.120570227804615016e+00
-2.853686720967732349e+00 4.985372915759545442e+00
-3.109817852770959234e+00 7.135764634435759035e+00
8.657057410594639624e-01 4.342513764736574799e+00
1.582595397751267896e+00 3.782570785737568109e+00
-2.778441537365298863e+00 3.189654197136899683e+00
-1.340054254309404058e-01 4.625050383529399234e+00
-2.251679333728416665e+00 6.096010283080041781e+00
-1.512203686418549520e+00 6.797138223687846370e+00
-4.427374314032423985e-01 5.691098680933100340e+00
-7.686795425751904443e-01 4.532042354890521985e+00
-3.283915502052404456e+00 6.515593289315075864e+00
-2.265654224529854766e+00 6.308759257848164381e+00
-3.183867689203891960e-01 5.466736137338860324e+00
4.280711360989969405e-01 6.167650773016095656e+00
1.839504174505443679e+00 3.590370630927946394e+00
1.753138866733246370e+00 6.154674655760467239e+00
6.331062695539272367e-01 5.829203187309961898e+00
1.723725743922986053e+00 5.414644335975276057e+00
-1.372347566185728729e+00 5.731215792576320744e+00
2.558190104957348332e+00 5.264232358298543524e+00
1.802757117891321759e+00 6.572717044255272256e+00
-3.118733963508278695e+00 6.245964861528905843e+00
-2.738758006258600108e+00 7.003151705913198910e+00
-4.257646540744246533e-01 4.966842702189190994e+00
-7.691887305419562448e-01 7.513371779093297675e+00
2.982179924033722784e+00 6.281136290321219562e+00
-2.051796834369506772e+00 4.421025336277946138e+00
-2.485896332065118397e+00 6.389821500008386224e+00
-1.854065117337617696e+00 3.950564447644030697e+00
1.572359765496450734e+00 3.939749225156149226e+00
-1.495696863091270146e+00 1.918323003780621150e+00
-1.984057050267490352e-02 4.934971457626676106e+00
